-7.373273687113890418e-02
7.018289735086749026e-01
8.582562778129669834e-01
-7.478746290730124979e-01
-9.686566813440544710e-01
4.110157854722196191e-02
-4.726684004299868125e-01
9.836536651748328808e-01
-9.036546330060257759e-02
-1.032073111143430033e-01
4.926126056819479793e-02
5.253225545151993803e-01
-6.993922513150132581e-01
9.650241316191681129e-01
-3.125860649554164095e-01
-3.330687000384191521e-01
7.073797942034711905e-01
-3.015968822654357950e-01
-7.181044191726699832e-01
-9.774530358300641542e-01
-8.732850781770860049e-01
-6.504981199750072829e-01
4.246630847294774469e-02
-8.539390589651107977e-01
-6.036691926018615817e-01
7.311423398443230859e-01
1.932395164472475724e-01
-3.864610909369796676e-01
-6.753934707278996807e-01
-4.963147760028037148e-01
1.480430463504005534e-01
-9.427067226894758623e-01
-2.795192604196439223e-01
-7.374503524145936684e-01
-4.048537162374243881e-01
-1.655059563365448572e-01
-2.610646045645916846e-01
-4.935786487663640365e-02
7.795655382608988049e-01
4.710102832431097841e-01
-7.669115685225107448e-01
4.150477404723802444e-01
3.025755841638972932e-01
4.905940484911337496e-01
4.890182564987832770e-01
2.120041192987289769e-01
6.956694226620989685e-01
5.697213864110317605e-01
-5.784957723881205549e-01
-2.946498886441519804e-01
-5.232817563976899233e-01
-6.766564857172270298e-01
-7.168715867852690771e-01
-9.601083953677558291e-02
-1.614616243848390198e-01
9.144445520017938644e-01
-4.918101301439310458e-01
-6.777397109950564769e-01
3.250328591985340854e-01
-5.402979930331075487e-01
6.404717814250215913e-01
-2.268972430129667650e-01
-3.019376279469436763e-01
1.134432930350415258e-01
-3.616621187680377769e-01
9.338714645952137516e-01
5.334894031162904504e-01
-1.305691558493748961e-01
7.374988758335818684e-01
3.134694574261132072e-01
6.360011352690544406e-01
2.241927409120767489e-01
6.285368784526741415e-01
-4.946281096902995777e-01
6.397060541588879268e-01
6.934405624548583003e-01
6.461058513065132125e-02
-6.114846795146962055e-01
9.860422928486438643e-01
-9.519088868292533423e-01
-1.482626024965476574e-01
-3.551970912701074568e-01
7.409744227080043988e-01
-5.407446294094395700e-01
8.712389076768185525e-01
8.649416924945585450e-03
4.108491003404686204e-01
-9.221916678025585679e-01
-3.297707070053839118e-01
7.175246431343764719e-01
4.563825294599321847e-01
8.357881861784210997e-02
2.963894124256594154e-01
9.692921408117580739e-01
2.596369712870230106e-01
6.724238049277193596e-01
-9.352004339232069530e-01
-6.589923578551466488e-01
-4.130430966365750134e-01
5.177246298705078242e-01
2.382988576118152402e-01
5.546455696627947685e-01
2.292001551716738028e-01
-6.764831439091134602e-01
5.064397490488459219e-02
-1.434517734931199939e-01
9.561603867035672888e-01
4.604575599111333517e-01
3.089588696512126642e-01
-2.998492297417105767e-01
8.777990481302602177e-01
3.910459114201181308e-01
6.071254183150862627e-01
-4.381536359175093320e-01
-5.802959439552515253e-01
-1.860928041845930636e-01
9.434640590654941317e-01
-7.400112020776365984e-01
7.199317335285122521e-01
8.930219775606438315e-01
-3.326458678242922851e-01
5.070234767053884983e-01
-3.358698889525424391e-01
-7.468532438196180401e-01
-1.700567476729415439e-01
1.232296559321137686e-01
-4.102318973215037801e-01
5.516867316614750827e-01
-4.695129030771698631e-01
-8.534155275770238802e-02
-1.790142961936787014e-01
-6.047999507883456971e-01
3.259366941515282612e-01
-4.342258052741034824e-01
8.589645519816921926e-01
1.699477159207840593e-02
-4.349813611341046826e-01
-2.068285549366557508e-01
6.057901231714035717e-01
9.859456859957722585e-01
8.635962404525086011e-01
-7.612467428037594797e-01
3.332237994447708740e-01
4.717017970976880026e-01
1.630339052085414409e-01
5.374967996763171385e-01
-7.921502930881902937e-01
-8.803030731488195038e-01
-5.139750015210968748e-01
-4.910934128607877813e-01
2.559750160380211970e-01
-9.236102540821362616e-01
8.387326368667342713e-01
1.850933109857337833e-01
7.398810057193516698e-02
7.382725289880034403e-01
6.819076596646147514e-01
5.031923067572652286e-02
7.875648820819085572e-01
-8.296714563359681716e-01
6.104916744575652476e-01
-2.421217257201291329e-01
-8.817972801577873554e-01
-6.086418317109696385e-01
-6.016548668790240306e-01
3.235828149526469577e-01
-2.909526726472468905e-01
5.951496232925188590e-01
5.005314644411207325e-02
-6.758696173839706667e-02
-4.795077902313862328e-01
9.493075412165385973e-01
1.617973512727053365e-01
7.600568979941282333e-01
-5.657254125755726282e-01
2.383458381843610585e-01
1.256514098418148873e-01
9.786457695083727870e-02
-2.794284818204426646e-01
-7.500505089651616775e-01
9.698862313738474406e-01
-9.716243672431168488e-01
-4.280789184053892527e-01
-4.728089738097747130e-01
-6.376251258344689532e-01
4.891817796923654260e-01
9.559791709743616916e-01
-9.108170205124326291e-01
5.554000888692534055e-01
-5.085049890874653311e-01
-9.061320193938111611e-01
-7.328691502325972440e-01
-8.880096815865379245e-01
-2.792091567473959923e-01
5.936829534491470106e-01
-6.484664768960541892e-01
2.282032227078054643e-01
6.915650144563945112e-02
9.118431034281533343e-01
-8.649785561118217281e-01
3.059335196085342101e-01
-8.556983418252546159e-01
5.331086015580543958e-01
-3.162098558246069224e-01
4.889450927043086370e-01
4.797898568374119321e-01
-5.703721302856612496e-01
-1.762150985924471058e-01
3.209099371996690930e-01
-9.166626913589233094e-01
8.011787129339098534e-02
-4.790137998381891471e-01
-8.954382187397149639e-01
-6.435275526587291850e-02
3.484612604617123299e-01
-6.127687296059476374e-01
-4.988713794568635507e-01
3.652433265041128418e-01
-2.669709942871458797e-01
-3.377878301267398520e-01
9.206079754827156680e-01
2.186957703292140565e-01
-5.175826410530515176e-02
6.850944231733047118e-02
-4.962033412244466479e-01
-9.634322626128868361e-01
2.434593377700362549e-01
3.004519004932422188e-01
5.423237536850560314e-01
3.757955426043142477e-01
-8.575397149536079233e-02
-7.605023885755117785e-01
-5.367654710112945704e-01
-4.608541542852582218e-01
-7.587777675040583425e-01
3.198993357669313031e-01
-8.985760746233115714e-01
7.194253693187357968e-02
-4.074761301027285398e-01
4.536820560976244643e-01
3.417320384269924016e-01
7.997814536105127825e-01
8.766275443250821642e-01
9.930332243208142007e-01
6.184931500342216726e-01
-6.426709255759726069e-01
7.786150486897849277e-01
7.078338868274800522e-01
-9.627971855997869977e-01
7.377847371857826353e-01
4.718051036399437681e-01
-4.783975539436704505e-01
1.969964197920683890e-01
-3.496505705963768307e-01
-7.640523420232632201e-01
-7.940168477253524149e-01
-3.317120119379211030e-01
8.909936066014452205e-01
1.543974745885856592e-02
-7.866897562437564773e-01
1.995649059251989321e-01
-2.595112804278310037e-02
1.206117842981822008e-01
-1.183649576931979919e-01
-5.279356118694649158e-01
