5.513477909620712047e-02
5.105447943067820127e-01
8.943209168730577030e-01
-5.613977378516255001e-01
-8.304413475533480860e-01
-6.812842732139547941e-01
3.088900441257440566e-01
-7.288463894894086081e-01
1.532963091492436369e-01
6.705221936604579547e-01
4.500033872632380749e-01
-2.823957271947301617e-01
1.257079430570184897e-03
3.331579535531981051e-01
4.721295579312561053e-01
-4.705737436489216829e-01
9.860556233652162383e-02
-5.243114661677130695e-01
4.245225932035359140e-01
-3.213583963492478990e-01
8.016780249586943352e-01
7.254403572524221744e-01
1.755846126213933545e-01
1.804411182249527901e-01
4.521655934344162020e-01
5.876359139265696641e-01
-7.439284774059107264e-02
-7.188684048509055291e-01
6.379701409095075437e-01
7.367734358516322413e-01
-6.307984564164552665e-01
2.727297603352374367e-02
2.409026003292060736e-01
-3.902302149973302381e-01
-1.874899857333529596e-01
-2.163161207002082254e-01
3.465045206231762709e-01
9.769093364290604153e-01
1.603134181376031364e-02
8.723234130519295082e-01
-7.870419376191748473e-01
8.847264281844562372e-01
4.624376565204393330e-01
-5.437428154683239256e-01
-5.832159529416169885e-01
9.256165165505281234e-01
-6.100678050805086183e-01
-5.417757920225307888e-01
-7.703166289836735903e-01
2.788107627673064304e-01
-8.894672516498900450e-01
-1.266900064324258945e-01
4.070979004279970948e-01
2.542337543017827439e-01
4.863544642549544328e-01
-6.843488140027496058e-01
-3.416144586435085895e-01
3.272531448394591091e-01
-6.969250569073741630e-01
-9.853447220267999018e-01
-8.767867791092569529e-01
6.452713352561085802e-01
3.961235791984898391e-01
8.404943770906900813e-01
2.434024762042588108e-01
-9.278917985484025355e-01
-4.407583254920448557e-01
-7.276679329953481545e-01
8.660062161596702168e-01
-6.542892766100112389e-01
-7.642994268556835280e-01
-3.727986069499908961e-01
9.223370515492419486e-01
6.817406174488114257e-01
7.672991893236360550e-01
-8.675992338623061961e-01
1.648913764433808105e-01
5.223189420460137011e-01
1.846704413794286737e-02
-8.293040523691086463e-02
3.775310182325919417e-01
8.813633734833721256e-01
-8.613064705524071663e-01
7.695525255030817302e-01
-5.866954839270308586e-01
4.571799636207274364e-01
-1.669131031444219815e-01
-2.950529549400713325e-01
-6.383544871486628303e-01
-8.206340449664806247e-01
-2.646500152500508296e-01
6.779018211272078709e-01
-2.723234253207014177e-01
1.859680294156502711e-01
6.402598721124066472e-01
-4.970728631882508353e-01
-8.268797984096565301e-02
6.069764600191474013e-01
-6.303331876040858539e-01
7.028568184795476181e-01
-1.252902135513258575e-01
-1.514238435699981622e-01
-6.520747476609389803e-01
-9.323631967350012317e-01
2.702635718803085840e-01
8.206432602300519630e-01
-7.165863379055035232e-01
7.149635808360905731e-01
8.681748540497133959e-01
-3.228521484659567786e-01
-1.977915958468379198e-01
8.283533284068744784e-02
-1.999089339492907680e-01
-7.490667835948330300e-01
2.653548359268154133e-01
8.002460631084569176e-01
-7.387503417180423249e-01
-5.846541890364842509e-02
6.007576345625320613e-01
6.863076415179509837e-01
6.288040442388707074e-01
-5.285939375653301298e-01
6.995623500109113824e-01
6.633675999788799515e-01
8.134808008424130321e-01
7.673203052504571353e-01
-8.919268827435355984e-01
7.135262685744212519e-01
7.058537197972731825e-01
-5.015540901195603141e-01
-7.263983187576217304e-02
-2.223931321394374550e-01
6.554867784159132960e-01
8.546061307883885405e-01
8.656908901852289340e-02
7.443717732007426591e-01
3.397896854273390055e-01
7.623300011587113012e-01
1.231434303175573675e-01
-8.952129156204893246e-01
-3.921322212895974602e-01
-4.804930687044943749e-01
1.641480969044024629e-01
3.790614519061006327e-01
-2.861772668823334698e-01
-3.887755951059097548e-01
-4.617731844984767076e-01
-3.996339360717848788e-01
1.580163731069079702e-01
9.911107815941591070e-01
8.421112231377456681e-01
9.707486068492183762e-01
-8.298521509650476080e-01
-2.911344032692244621e-01
3.069621856826250106e-01
5.478195915691135287e-01
-9.995940010335369053e-02
-5.232812105306239303e-01
3.048387121436526570e-01
-9.734218895412591888e-01
7.808146333428633845e-01
-5.923113640391435286e-01
9.437844396525425505e-01
7.878686931033649365e-01
8.383092924189177175e-01
-6.318083769334790212e-01
2.360250290798249218e-01
9.981280932204668055e-01
-6.714466669931593579e-01
-5.309675886982212489e-01
-7.418877406377522021e-02
1.004352411317868121e-01
-4.459884599861618781e-02
5.184108627821724102e-01
-2.015169209703833175e-01
-8.241057895350460960e-01
-7.753225569957868935e-01
-6.876756933119048121e-01
7.830494687070981286e-01
-8.606959457341165631e-01
-1.716595723381351135e-01
-4.185244910970928878e-01
1.922867212159253825e-01
2.334847367690970898e-01
9.076286133432538428e-01
9.350393342266192231e-01
3.672363076404632221e-01
4.494165626085167009e-01
-2.912633993352207185e-01
-4.341014373110205771e-01
-2.518364736637259682e-01
-7.915709779780404354e-01
7.450079511540861343e-01
1.171931104986658756e-01
-8.099190568068854734e-01
-9.239214364832715187e-01
4.300163607690468126e-01
1.933968236188454703e-01
1.983798839731203412e-01
-3.124054633830601890e-01
-4.564422964995020759e-01
4.711522276355621930e-01
-6.481382317210249155e-02
6.179488643337640585e-01
6.616464888879081130e-02
4.797684032710258784e-02
4.664379965760256930e-02
-9.735477682904702945e-02
-4.951450895076536796e-01
-1.595995114992863062e-01
8.478578485400887210e-01
-1.160445574266195656e-01
9.126744780451687689e-01
4.867871910903065480e-01
2.587275215486377622e-01
4.890896647635054606e-01
5.617064264427029663e-01
-6.890565808305495477e-01
8.362546866567293069e-01
1.346511713984641645e-01
-4.715124833383674829e-01
-8.096884932246499744e-01
7.234081091087229964e-02
-1.540560768714911433e-01
-9.125512086879883356e-01
-7.372964544447317969e-01
-4.065282718703846498e-01
-2.844239359149280943e-01
2.406168276249960325e-01
3.877160354435205125e-01
-9.408612982429951366e-01
6.677223870056796518e-01
3.108469825381392493e-01
-6.412506664642947385e-02
-4.897958836828419926e-02
-2.145670644254336068e-01
7.180086179948348413e-01
7.689262455449987765e-01
-6.466273057166829208e-01
-4.980392126537487307e-01
-6.155423510938227150e-01
-8.211124145843060607e-01
6.086001180412843325e-01
-3.853667448234867621e-01
-3.330174356831649973e-02
4.991047814991949050e-01
2.188111107970558411e-01
-3.566119037712285333e-01
-1.761413903795208125e-01
-8.244772450004773656e-01
-9.415133081553395122e-02
6.586186337894384124e-02
5.981884873645297862e-01
8.858619696942289234e-01
5.694039155673036312e-02
7.590521234912686044e-01
2.121223900921977989e-01
-3.959910224973950399e-01
-1.736037972485338088e-03
-5.867601218867741775e-01
5.566213874723990873e-01
-4.813604965005486847e-01
9.093818989396189600e-01
1.452500549409276864e-01
6.166180857468679388e-01
