-3.377172578536216108e-01
-8.288775000067600818e-01
-8.813843164943178099e-01
2.948207265030300395e-01
8.848036375232100070e-01
9.651719917925125625e-01
-4.791123946612654283e-01
2.163123818966607992e-01
7.698736450669676490e-01
-7.201560700292823913e-01
2.696002971436524120e-01
-6.052358152185099982e-01
-9.082862059994052384e-01
-7.558424580239275770e-01
8.382654191081384543e-01
-7.737062963894767442e-01
-7.326735211484425303e-01
8.707884183343546081e-01
3.081550138353743584e-01
5.329296681664987823e-01
7.250375427028057373e-01
6.269665380217210870e-01
3.203149133262497283e-01
4.213550937899637194e-01
3.079021013363525405e-02
9.022124626512593171e-01
-6.199803857161967358e-02
-8.694151489252823772e-01
7.991072744512750514e-01
4.700363124372519685e-01
3.722906948938444760e-01
-5.820229812528414648e-01
4.022992503343678639e-01
-4.508087705077354901e-01
4.378506602650840129e-01
-6.192029072888052266e-01
9.706226496715384400e-01
1.903901086533745790e-01
-2.521761477405455310e-01
-6.147344393589295741e-01
8.204211544520583210e-01
5.511396315946301971e-01
-5.907071883519088296e-01
2.666372940166699124e-01
5.199125509991853189e-01
-5.232452329696437587e-01
-2.621509474245240501e-01
-5.464321638759221944e-01
-9.837141487144533958e-01
4.941182457416355422e-01
7.162280222092571869e-01
4.731746864669921226e-01
-1.764244164442505536e-01
8.235572923126643907e-01
1.279789252181842141e-01
-5.759091992980820418e-01
9.858101594880055440e-01
-4.549461072220362112e-01
-1.169938885428154496e-01
7.142884067617691901e-01
2.275189664172250215e-01
1.700710326482401946e-01
4.445939326736223496e-01
5.825081054281846527e-01
7.585922600625498724e-01
-3.968839457930917192e-02
-5.182798909827506240e-01
5.940898820763611532e-01
-9.611783380789846731e-01
2.559900459146671192e-01
-1.766546918499445340e-02
-4.119205406899963950e-01
7.910874202066919825e-01
-6.541219669535378589e-01
9.999133417520023048e-01
-8.847610842053581504e-01
6.517918316549946578e-01
6.689776526734976247e-01
-3.434775565083532101e-01
2.234731000153098446e-01
-2.442701148730856975e-01
4.173986080857157166e-01
4.723839925137927054e-01
-9.150460729850542485e-01
-1.292991244225429881e-01
4.611162051635127046e-01
1.517534029811020702e-01
9.983307230636555563e-01
-4.810881700184013177e-01
-9.167005590998638098e-01
1.340771078247884329e-01
-1.444162075652470900e-01
-1.374593286854128849e-01
-3.955415822341383780e-01
2.929210943434625847e-01
-9.529933562287367099e-01
-1.189854299401593707e-02
-8.861663645631789876e-04
2.822615691641781055e-01
4.140922163653637522e-01
-7.444372225955577793e-01
5.460259038057619918e-01
5.574282267946895075e-01
2.520297411453324976e-01
4.327709146807359186e-01
4.446228795706659298e-01
-7.437227304665465777e-01
4.065930752811435234e-01
7.908547737299362890e-01
7.110354602402815249e-01
7.816282971819834557e-01
2.276751019646390262e-01
-8.487897214514394939e-01
-9.872830089124740027e-02
5.794451765041475078e-02
5.969946116044950735e-01
-9.385580692853399132e-01
8.956731435241762629e-01
3.621559347331018142e-01
-5.712539467054402742e-01
-9.664830157289798773e-01
4.497777693320985648e-01
-7.228359813212343887e-01
-9.744249881527409229e-01
7.164199193792759601e-01
6.471925449458959534e-02
3.291390010853989523e-02
-8.038099298158860595e-01
6.179865961488415493e-01
4.242780166719288815e-01
-2.004598118898908155e-01
-6.418336501454295906e-01
9.904678661543355744e-01
-7.183751106072491233e-01
-7.096909069285033400e-01
-8.736600942407148906e-01
-7.980026421213390897e-01
3.077577841984484586e-01
4.950079905230801991e-01
-7.279127119913713084e-01
-1.174091293312575779e-01
-6.111740148691868768e-02
-6.065152261495025954e-01
-4.617550530699516820e-01
6.186095219717837601e-01
3.822513620445719962e-01
-8.327681200138794537e-01
-7.092398271763047379e-01
-1.777953938085481411e-01
-3.224858670947783335e-01
4.644058370833827887e-01
8.443042737705686029e-01
-4.888529027857446696e-01
5.769068428740014021e-01
-3.649681191963278781e-01
-4.772136554521089202e-01
2.587088653066758059e-01
1.078571411234225952e-01
-3.065052554977587551e-01
-5.513426227906459420e-01
-5.707617944203760008e-01
5.862369227725947596e-01
-6.440273826509577138e-01
-9.073117258400547058e-01
-6.131591965059530747e-01
-6.260769348215078356e-01
2.380163156019343695e-02
-2.245416969723077472e-01
1.989882693315612183e-01
-9.913645819948513349e-01
-9.171017067896813924e-01
5.161170686081226755e-01
-9.343462390278867158e-01
7.704414582177341320e-01
-6.081419687727045442e-01
5.648413861553274185e-01
-5.419461325624763681e-02
-6.107813124627328172e-01
5.652697748323636251e-01
-9.231951706698373616e-01
5.841225911255363279e-01
-7.062421097151827531e-01
-8.024737337176086616e-01
9.309047010012074796e-01
-8.617956201989085407e-01
4.313258511422410901e-01
2.693416842367823971e-01
5.618952162034869247e-01
-9.789208084294787060e-01
-2.215771158587322986e-01
-7.740083775944173183e-02
8.353773017360204278e-01
4.963754846986561109e-01
2.244588265255602622e-01
5.205498872511649111e-01
1.815087835964732665e-01
9.708683209366844036e-01
8.039767350365696341e-01
2.786618529028030977e-01
1.231311432013906249e-01
9.847420699458273585e-01
3.613906355212541666e-01
-6.629600405268758490e-01
6.176008879947165742e-01
3.242391120478342881e-01
-1.078616913272190114e-01
-6.159978377590846765e-01
-8.523592809082007893e-01
3.390550484205558934e-01
7.465245911598790141e-01
4.192125408824187716e-01
-7.545335604179563838e-01
9.027014220723399429e-01
-4.865544851928693681e-02
-8.468940046981194847e-01
-1.122071059150182570e-01
-1.643388849974654065e-01
8.869824917204867099e-01
1.783597260130942441e-01
-9.224569759219709564e-01
-9.828205745603082466e-01
1.264050900008981682e-01
4.233592329107649377e-02
5.166346394837428857e-01
-4.818187426449664912e-01
2.153440190592117442e-01
-6.935417613891359245e-01
-9.797209902251391433e-02
-9.969938696858493543e-02
7.731954091225801129e-01
6.326985054734810543e-01
9.686967632525216310e-01
8.131739776017177235e-01
2.979972600196751920e-01
2.105965156337503696e-01
3.284241102966010128e-01
-8.071918195214959901e-01
2.706479385841076279e-01
-8.466141753299394335e-01
-6.551487140042870916e-01
7.635283624644231271e-01
-4.927465459601771958e-01
-1.542098107201832491e-01
5.440354022208555573e-01
-3.225232416643071254e-01
-2.663524363193909839e-01
2.978443127294487791e-01
1.963806093200279879e-01
-3.541939088378467382e-01
-3.605934652255722295e-01
-1.929338486640832517e-01
1.398406034487593708e-01
-2.289606925853882036e-01
8.000368419414640719e-01
4.592376237294342189e-01
-6.552534884943217453e-01
6.386056088660898578e-01
6.384508382284048711e-01
-5.942084944468841723e-01
1.769280854341732656e-01
-3.562949032661855142e-02
-3.342356086359532519e-01
7.132382502437502048e-01
8.568725556332612570e-01
-9.336845741623100992e-02
