-6.730301648904296608e-02
4.716069883383300909e-01
-5.120151695575759776e-01
5.051600427831196699e-02
6.128835759140662809e-01
-1.035923337241808906e-01
-9.534036913711678718e-01
1.572821715358284633e-01
1.175699830783110689e-01
6.890803467949968564e-02
5.841517629811573964e-02
1.419122333282513138e-01
4.719704973412612858e-01
7.710037721331908234e-01
-4.846329385831506520e-01
-1.000000000000000000e+00
-5.590026023254449639e-01
7.527147712919848299e-01
-1.018797443215249399e-01
9.400804490550653814e-01
-4.538706732948977751e-01
-9.807653239944439383e-01
-3.440263544809278595e-02
-8.889440177258188802e-01
-5.902033356824231136e-01
1.000000000000000000e+00
1.000000000000000000e+00
1.000000000000000000e+00
-5.505079978109518601e-02
-2.802381049613971165e-01
-1.000000000000000000e+00
-8.925076664939175508e-01
-7.887068475745623308e-01
8.494884292591495800e-01
6.335761375517042771e-01
3.686887330844205724e-01
8.983601639540985673e-01
-5.954875459177509933e-01
-1.522693797800074578e-02
-2.967536429869961911e-01
1.027547053483729433e-01
-9.105644882565746556e-01
8.041225110416754251e-01
-5.179299034632166565e-01
-6.756449513567367449e-01
-1.000000000000000000e+00
2.598850498113883245e-02
-3.004534212410311378e-01
6.858715677267296362e-01
-7.095481620221325558e-01
-5.352226135796214757e-02
3.208225734498346693e-01
5.898632636633627246e-01
1.000000000000000000e+00
5.787883349037736824e-01
-1.000000000000000000e+00
-5.272493168504592820e-01
8.071135221102535562e-01
-8.514675030497900754e-02
-7.603706090187759559e-01
-8.692625131524200910e-01
1.611160234185187723e-01
-8.882984733459006188e-01
9.560853346975275446e-01
-2.106959750222957561e-01
1.792536812780786137e-01
9.901998265922096198e-01
4.815636516671758516e-01
2.511063630110951794e-02
1.000000000000000000e+00
-4.538425476257927915e-01
-3.087225239579285407e-01
4.174146821237562088e-01
7.244103432001721687e-01
-2.477283860876953736e-01
-6.058626471083812248e-01
-1.428793213327542166e-01
-8.906623884634735644e-01
-4.715614299099329387e-01
-8.680757235495460689e-03
6.800885176162803081e-01
9.837218119505061198e-01
6.710435337079749818e-01
-3.314628513416071898e-01
-1.800134102898175159e-02
-7.621476931289504764e-01
9.854001650002730539e-01
1.798743528105539724e-02
6.580938821831051611e-01
-7.801173023258170525e-02
2.193618381039487697e-01
7.501899793442601272e-02
-9.379900080584852029e-01
-7.514227681434175743e-01
-2.598558245732482397e-01
3.460484232819291406e-02
-4.047211665776938583e-01
-1.065993866084924691e-01
6.571616915668718750e-01
-6.262804741227541161e-01
8.771940919246832280e-01
-7.780028116917477865e-01
-1.496647676862118692e-02
-8.998404065125400475e-01
-2.114922480923570325e-01
9.118789612511639664e-01
1.052427809217649363e-01
-2.422306976759044383e-01
2.844815559661643123e-01
8.003265874892128151e-01
7.644728992825020053e-02
-6.734970501246333452e-01
8.801470125637422814e-01
5.834619566609665631e-01
1.752370252979141285e-01
2.376130532673118578e-01
6.054942860774837898e-01
-6.998436697297774067e-01
-5.046174760603960863e-01
2.870311155240191647e-01
5.161871173386157752e-01
-7.542498705424097172e-02
1.357884392656335537e-01
1.000000000000000000e+00
3.776672359922628175e-03
8.870767349699653082e-01
-2.406433728500543823e-01
7.360247124919960804e-01
-1.329887197900006812e-01
2.022749637724456373e-01
-1.562976319934719083e-01
5.924012112784113882e-01
8.831703419588282644e-02
1.000000000000000000e+00
-2.323527712914488508e-01
-2.373077946517244130e-01
1.449578157943879897e-01
-9.557039204985559033e-01
-5.371601617676272644e-01
1.655974094971738864e-01
-7.561306369382521098e-01
-6.421390182657483736e-01
6.461438651887176920e-01
6.880070578375325763e-01
2.798363816804274040e-01
2.715795554614155449e-01
9.347854629536536675e-03
-2.351982545317602424e-01
6.583686503332450979e-01
7.442745853227006325e-02
-8.033158745266646417e-01
-1.824616147591698323e-01
8.695955817579966718e-01
6.735681585802499871e-01
9.854173513558351916e-01
2.227323094586749763e-01
-8.221057293948482725e-01
2.576980707665573744e-01
3.818345117660084664e-01
7.573958270350289457e-01
-2.628295878720234291e-01
2.471720600057023265e-01
6.731308917556253490e-01
6.927475063654416898e-01
4.242357523699461508e-01
1.597494521809678103e-01
-7.600371986826899295e-01
-1.613369148887159321e-01
6.237858582344619762e-01
-7.362166907820237860e-01
6.275372837929947822e-01
-4.156158058981473946e-01
-1.995439698594126399e-01
-4.800584590143867070e-01
6.479463606898031580e-01
1.165508924029375476e-01
4.420598222797881838e-01
1.987821401390160725e-02
9.573021501174232561e-01
-6.990788922323840082e-02
4.934539545016588535e-01
1.458881240551279657e-01
6.214480519406924142e-01
6.981089087091865153e-01
-1.000000000000000000e+00
-6.481226375875921430e-01
2.576079569222342047e-01
-8.935021026316108950e-01
1.000000000000000000e+00
-6.850758790919277974e-01
-8.219883361841320291e-01
-5.049743827051947909e-01
-5.190824804311170437e-01
-6.209757616274129699e-01
4.095944294775630823e-01
-7.563978905133126318e-01
-9.022538310943682971e-01
5.521805893839274448e-01
5.533259359653144305e-01
6.044590567672715464e-02
-1.447929229951778196e-01
4.012545364286294047e-01
1.000000000000000000e+00
5.898854141840430554e-01
7.763938871123902130e-01
7.657105997925506280e-01
5.774073433118285248e-01
9.630114524944156651e-01
-4.475026807801692486e-01
-7.728505119849526928e-01
-4.007754314081168889e-01
-7.542138057423618536e-01
7.766226868700227826e-01
-3.425743487062573589e-01
-2.517632278060399909e-02
4.669971297708043201e-01
9.246169058199193991e-01
-1.151707853063954623e-01
3.671526326159204601e-01
1.690947663782662591e-01
3.965920095685147029e-01
5.812513007296450374e-01
1.000000000000000000e+00
7.146013594983330330e-01
-1.555000797375360178e-01
-5.251795143435551427e-01
2.550231214767326726e-01
-5.730907465751721164e-01
-7.322735448662793800e-01
-1.000000000000000000e+00
-6.911436346995148972e-01
7.001207440647841951e-01
4.920779210259125791e-01
-7.455844022014372907e-01
-3.232451742585688015e-01
-5.730015305330273812e-01
4.670010798346495018e-01
2.683293489862840220e-01
6.345853601078024209e-01
9.180431678183477440e-02
4.517386015178607162e-01
-2.030987531162314064e-01
5.006592749678475673e-01
2.409010058949118127e-01
8.314554462497196763e-01
-7.999324700669652177e-02
-4.104983009722609766e-01
7.449565707319926178e-01
9.523678216718243217e-01
2.286753515169726581e-01
4.154504145247902569e-01
2.262137845471433872e-01
-2.523614073873059471e-01
-2.821865039640694683e-01
-7.413612824771196319e-01
2.513920184922249224e-01
-7.413926577329382761e-01
7.740330319771033807e-01
6.961434695210135803e-01
-2.920609915015620617e-01
8.728052672861501549e-01
-7.745744768148579151e-01
9.583366601789066186e-01
-6.678985274579701814e-02
6.379263847471017268e-02
