4.491229094110252285e-01
1.512305705843002279e-01
1.000000000000000000e+00
1.000000000000000000e+00
7.255241418670661524e-01
8.372215564051486147e-01
6.493378461120987710e-01
-4.719419925513728131e-01
3.273559977117436182e-01
1.000000000000000000e+00
8.483557069418024010e-02
9.834581747443821298e-01
-1.430438836683814163e-01
-3.531975101880034940e-01
4.544655423081044865e-01
-3.187617823292635544e-01
-5.497629289674959008e-01
-6.915756042354576083e-01
-4.254483595715465305e-01
8.557527069823909205e-01
7.321022675162802695e-01
3.157484176715217861e-01
4.848204112099926619e-03
7.254600771731956055e-01
-1.000000000000000000e+00
-1.000000000000000000e+00
4.595603591277641620e-01
7.861509793369662880e-02
9.334482032537456675e-01
2.868146882985961321e-01
6.868394194358916627e-01
-3.766940458855574381e-01
-4.767891630571071127e-01
1.000000000000000000e+00
-4.269320685974186125e-01
-1.000000000000000000e+00
-4.448181456894877428e-01
-1.000000000000000000e+00
-6.786838190265127579e-01
1.076666449250326396e-01
5.340591708992584730e-01
4.154180968720245226e-01
3.543844054420131617e-01
1.105283942497167216e-01
2.210697507029768527e-01
5.208553911653373003e-01
-1.796645096059971691e-01
5.233091363779908134e-01
-6.304057897208896755e-01
1.000000000000000000e+00
5.431552400741866959e-01
-6.168735950208499297e-01
2.681236297998724205e-01
2.430982758432500002e-01
1.000000000000000000e+00
1.000000000000000000e+00
-6.345542023278758492e-01
1.714259666651954950e-01
-5.381271597212637925e-01
-3.193423629011264420e-01
7.786252087842364666e-01
7.831663499784892180e-01
4.893114101359967716e-01
-2.846872497294853921e-01
-1.000000000000000000e+00
-5.888487278749213738e-01
-1.000000000000000000e+00
4.434180507354257283e-01
-8.352856370303937128e-01
-1.000000000000000000e+00
1.181919131860120764e-01
-4.582099245817344846e-01
-1.253828117279545129e-01
5.847797830349223958e-01
-3.123158551607736477e-01
7.364147150959150512e-01
7.745688272789804651e-01
7.298627296840103362e-01
6.708992344624853388e-01
4.936801143106068213e-01
-1.000000000000000000e+00
3.203934384485004894e-01
1.000000000000000000e+00
6.452568630250621329e-02
-1.786228823037346869e-01
-1.000000000000000000e+00
8.207676776860296508e-01
-6.035839852999376198e-01
9.070856642506300860e-01
1.000000000000000000e+00
-6.687939523209119885e-01
-1.000000000000000000e+00
5.500495918407269924e-01
-4.593546014476906914e-01
5.134117501835940844e-01
6.679868535981667854e-01
9.596811983280788549e-01
-5.563315326340693145e-01
5.434469885518365961e-01
5.828459782335013717e-01
-6.285856403011057525e-01
-4.763004743321975765e-01
5.562896030691081295e-01
4.842687657096695908e-01
9.866936539097223013e-01
8.506133136428967179e-01
-5.721361793081783387e-02
7.934382387158384065e-01
2.977559003612804123e-01
1.316593768730090486e-01
2.217833315928869342e-01
-8.275953090927258282e-01
6.428387449620800442e-01
-1.000000000000000000e+00
5.625694605134664572e-01
9.906353526697443401e-01
6.747765580638317440e-01
-9.072994219387826575e-01
1.000000000000000000e+00
5.019689784198054783e-01
-2.554214703228873673e-01
-2.216236354511517126e-01
-1.928888382280735947e-01
-3.229723064257037923e-01
-2.678221580354523401e-01
-2.445751151966118753e-01
4.828453336609384583e-01
1.659933329259865309e-01
1.000000000000000000e+00
-3.525223274979268351e-01
-6.535034654329735515e-01
-1.000000000000000000e+00
6.341621143754293533e-01
9.547251011116783537e-02
-7.805548056423210479e-01
-1.000000000000000000e+00
-1.298501378523880811e-02
-1.000000000000000000e+00
1.135565345168431939e-01
2.410761166370177788e-01
7.143284737681805385e-01
-7.867246349158756313e-01
8.129814138306632465e-01
-9.862473554477468873e-01
8.443520922354309510e-01
7.412218626542302902e-01
3.959443903477302684e-01
7.214722025760604840e-01
-3.154026308680800139e-01
-1.000000000000000000e+00
4.655551056996396486e-01
1.000000000000000000e+00
4.176274577382458331e-01
-1.582653377557163843e-02
-6.120451452242419155e-01
-2.718227108672701675e-01
7.056257339243581228e-01
-4.640323725225326545e-01
-1.000000000000000000e+00
1.000000000000000000e+00
-4.068471475123833780e-01
1.000000000000000000e+00
5.319610989984260851e-02
7.116929823542355038e-01
-7.199789555915698802e-01
5.598070673410719955e-01
-1.000000000000000000e+00
-5.674742724208204914e-01
4.106636887112238288e-01
2.005861637982747636e-01
1.000000000000000000e+00
4.329445973887695032e-01
5.283573222507849110e-01
-3.952746256283693471e-01
1.997327962720419348e-01
-1.256263358766565308e-01
9.769582281422334313e-01
7.162659994795648188e-01
-1.000000000000000000e+00
-9.866168068423808446e-02
1.000000000000000000e+00
-8.459165399658654660e-01
-7.457674957568718455e-01
-5.941997404257640114e-02
-9.955145025734746245e-02
1.000000000000000000e+00
1.000000000000000000e+00
-4.317786583083709773e-01
5.356059494989011682e-01
8.258546085733204922e-01
8.955278796650470441e-02
1.000000000000000000e+00
7.890183498614760094e-01
2.825377598557062830e-01
5.215912728864873227e-01
-1.000000000000000000e+00
-1.663689681891689087e-02
-6.603419170633555435e-01
-5.212862469717023661e-02
-7.965206271156621831e-01
-3.037389824954458972e-01
2.341374325461819117e-01
5.001897740565210970e-01
5.665603539804098254e-02
-2.913841454622544402e-01
4.103016166480850657e-01
3.875694529052817749e-01
1.000000000000000000e+00
3.711220488143962548e-01
1.000000000000000000e+00
1.253027547026136501e-01
-5.625549982972832819e-01
-1.000000000000000000e+00
6.541051530088025645e-01
-5.896372060919439217e-01
-9.266061577747346512e-01
-1.063966281779206158e-01
-5.186987346508658003e-01
-1.846787162910803748e-01
1.474120512885145340e-01
-2.681159053780036161e-01
7.379282234668981255e-01
-8.906641862618294714e-02
9.488111390981091020e-01
1.000000000000000000e+00
-7.664367729783733152e-01
1.001459775794267260e-01
8.207476028262512546e-01
1.879903269594735415e-01
-9.406040376142250636e-01
-3.240701527795267767e-01
-4.284725751871855670e-01
2.575228366891590959e-02
1.439612423632348759e-01
3.819046491554977107e-01
-1.507358606493994502e-01
-1.000000000000000000e+00
1.636098306926747625e-01
1.000000000000000000e+00
8.713672519538504524e-01
-7.352321808724457952e-01
-1.000000000000000000e+00
4.823256154606982982e-01
8.083747342267517677e-01
1.000000000000000000e+00
-1.000000000000000000e+00
-8.589646919901926525e-01
-6.689562220307523344e-01
-6.732431611123124160e-01
-7.119955867294412988e-01
9.576896745359636531e-01
5.543202111538342303e-01
-8.899035536021521198e-02
5.499080529410234064e-01
-3.789111430063514807e-01
-4.676887416077924464e-01
-4.203881791317287675e-02
3.982538014509953705e-01
4.827681281797982504e-01
-4.754153974280993511e-01
9.698273113985812488e-01
-8.250608200740323639e-01
4.559491283847186827e-01
6.108373899968866372e-02
1.228169654012027934e-01
