2.077113288671301183e-01
1.000000000000000000e+00
-5.149754148076315374e-01
-4.793981582518924700e-01
-1.828147851196609830e-02
-9.294311703572077921e-01
2.180823264297766795e-01
-1.949943385691603748e-01
-8.173217060938033907e-01
1.345956279770682898e-02
2.627254658408701982e-01
1.990299482157201205e-01
-6.187570185612472073e-01
8.868239538095630259e-01
-7.632612348852426676e-01
-4.196683770061958585e-01
1.000000000000000000e+00
4.557348008951196405e-01
1.171778617573607240e-01
-1.250684794410468204e-01
9.259394284609397952e-01
-6.601046506959160620e-01
6.646579149869977776e-01
-4.738721294556993979e-02
-6.638583963695211532e-01
-2.133005007029938893e-01
3.842573556502771326e-01
-7.234038941263065681e-01
-1.000000000000000000e+00
-8.446569348237011887e-01
-2.783166646373093633e-01
-4.342937133737413413e-01
-5.191250336093040652e-01
-5.902694735495804812e-01
9.298016836502667193e-01
-2.985087606567607410e-02
5.831828554757725325e-01
-1.938696935952753386e-01
6.434920252424533027e-01
-7.504752991948446805e-01
-1.000000000000000000e+00
1.000000000000000000e+00
-2.916616489249146404e-01
-1.000000000000000000e+00
-7.223902938733882673e-01
-1.000000000000000000e+00
-5.368967254108173437e-01
-8.650074705677230913e-01
-3.802799472425509308e-01
8.882986578730336369e-01
7.402420170769049568e-01
1.000000000000000000e+00
-4.489946933021242703e-01
-8.429518161304383472e-02
7.971946800436710001e-01
2.590285147820108880e-01
-4.398028879125828183e-01
2.089846758605788113e-01
8.313944928260552647e-02
-5.642975949523501011e-01
6.288306988419408716e-01
-1.000000000000000000e+00
4.858222361595860295e-01
4.719170572624751814e-01
3.911369998390505920e-01
4.063435190633190031e-01
-3.408872296597578733e-01
3.077804861792458047e-01
4.938771665394499077e-01
-5.653185604606334458e-01
-4.461561589340775069e-01
1.133321290091705152e-01
4.261540135362698600e-01
5.508053980033076336e-01
-6.910724876822420537e-01
4.944902478165797421e-01
-3.624773297103014436e-01
-9.452746369976252616e-01
-1.000000000000000000e+00
-1.000000000000000000e+00
9.514504800302267529e-02
-5.245717991347367271e-01
-1.000000000000000000e+00
-7.790003913869615326e-01
-7.600554979021351132e-02
-3.995090525420075256e-01
9.607049667278613203e-01
-2.627023984608132245e-01
8.080689104342867468e-01
4.889896818063632078e-01
1.000000000000000000e+00
-1.533519361258681712e-01
3.245517060440753498e-01
9.408618640331261052e-01
-7.083343180500069336e-02
-1.000000000000000000e+00
1.000000000000000000e+00
8.445217299732415972e-01
1.680083876882455252e-01
-8.194529240529374592e-01
-8.342180974072449517e-01
-3.594182558878232236e-01
1.000000000000000000e+00
-2.472937644105440702e-01
-1.115195724023562707e-03
-7.445727349699907682e-01
-3.116408408768508442e-01
4.141685822661363980e-01
9.455330292051423724e-01
5.233223055471164509e-01
7.258587307920941756e-01
5.854425229881998760e-03
5.335500630684933965e-01
1.767979216743949533e-01
-3.802305530752333462e-01
3.704084117548945843e-01
7.871581996470783382e-01
1.000000000000000000e+00
5.988611506256763528e-01
4.856330299149273499e-01
7.199723577168053446e-01
-8.659749841025128347e-01
-5.424863444415424230e-01
-6.860465112232480012e-01
-6.222170191551651408e-01
-5.810271057747851131e-01
9.822228871624865132e-01
3.881926045776606937e-02
2.581508379053422675e-01
-4.633370035254913422e-02
-2.686162202192999282e-01
-3.252177891638489693e-01
2.965361224713384258e-01
-5.994516383085228828e-01
8.315480827561848587e-01
8.757188343888565596e-01
-6.946988060028563838e-01
1.610016475835663319e-01
-3.016359467272032302e-01
-1.359174703960314146e-02
5.390009575587066948e-01
-4.521332618129254577e-01
1.852648995596206938e-01
-9.858122738953738473e-01
4.236332288577261407e-01
2.428617512068104445e-01
7.935900370603894416e-01
-8.489110606476061305e-01
-7.746129169776461154e-03
1.161423263354715990e-01
-2.120381608510519267e-01
-1.000000000000000000e+00
9.850605330070756338e-01
-7.005333766572255927e-01
-3.197821802859002749e-01
-1.000000000000000000e+00
1.884923837475578901e-01
1.000000000000000000e+00
4.859191356786112248e-01
9.536863273553428666e-01
-9.321192856326404597e-01
-2.126975383294524014e-01
-5.186658435875388662e-01
-7.402410002206574191e-01
-1.914431767284475727e-01
-2.829727332584491828e-03
1.079532920353557662e-01
-7.999739271912568173e-01
4.551520207237538806e-02
-3.565475058882788262e-01
4.907621532847215584e-01
3.882691400665739812e-01
-1.000000000000000000e+00
2.266877404838425203e-01
7.938895710605268219e-01
3.188736305249445513e-01
-1.699218405286286732e-02
4.241336550766011682e-01
-2.776346323777035829e-01
-1.784920871580094048e-01
-6.678338303802615616e-01
-1.000000000000000000e+00
-1.000000000000000000e+00
-9.467916162403814395e-01
4.817896872413054976e-01
-3.372868913132930357e-01
-1.000000000000000000e+00
-7.206787270325969164e-03
-8.349667310478788851e-01
-8.359759496109312460e-01
3.275675280750488527e-01
-1.275510876185277365e-01
-1.512455462716467136e-01
-4.345631529906125445e-01
-7.208736061744132062e-01
2.415743865962802217e-01
4.663889450232916456e-01
7.952232458537734638e-01
-4.450150348355705332e-02
-1.000000000000000000e+00
2.315534036498023696e-01
2.915892876312109472e-02
-6.038025066457375356e-02
9.511268493283346614e-02
4.962029868276143230e-01
6.375236105878832049e-01
-8.056314035876315227e-01
-4.164211159585472499e-01
-4.174176942423840631e-01
5.735488165057669452e-01
-7.086331011828469473e-01
-1.000000000000000000e+00
3.872011491320273002e-01
4.832382617454292206e-02
4.745601502566926255e-01
-5.005362715606884727e-01
4.690275576158751125e-01
-1.000000000000000000e+00
4.265321740738279854e-01
-5.460469238158470739e-01
-1.000000000000000000e+00
-8.588151369840808513e-01
1.482535497004532632e-01
3.589526628102882033e-01
-3.789153103483708929e-01
9.484916606543464246e-02
-1.000000000000000000e+00
7.687795211402016493e-01
4.425369780200177905e-02
-5.559064333797748558e-01
-8.595752216539677137e-01
2.969135464221207554e-01
2.152940062157103762e-01
8.408275722040855493e-01
-2.896006549402191377e-01
-6.645795272810000043e-01
2.297189009899601175e-01
-1.000000000000000000e+00
2.988498153758477605e-01
1.000000000000000000e+00
1.256895699788619369e-01
3.729001627064235658e-01
3.371486929621424489e-01
4.846659578633360499e-01
7.989067666846313420e-01
-3.987525970788686758e-01
-5.531932417881769704e-01
8.635449479021795050e-01
-7.257043571990792197e-01
-1.000000000000000000e+00
1.027197086540212190e-01
-8.093059255984882405e-01
-6.112342969111321800e-01
4.932404153318176165e-01
4.392016324335283328e-01
-5.390211932904920289e-01
-2.542027633458707747e-01
7.566864799327720492e-01
4.975319664229662098e-01
-9.738147462985116132e-01
-6.685054694305143930e-03
-7.051245051774853723e-01
1.000000000000000000e+00
8.605294561795531205e-01
4.731612606288383427e-01
