3.132778519172598197e-01
-4.059070312766230870e-01
-9.769750424793072208e-01
-1.808000075030088416e-01
2.893626865925585934e-01
-7.655994340647545027e-01
-4.877913966852588379e-01
4.435738055922793244e-01
1.781752011065462493e-01
-8.998791751774128933e-01
-2.742104125432927031e-01
9.251803728396569559e-02
8.018103693343501259e-01
9.743658968471366477e-02
-1.000000000000000000e+00
3.965697812823881785e-01
-5.475113628400807286e-01
-4.942541432225429077e-01
-4.967394677991818774e-01
7.283940174336723805e-01
-5.744127694666480988e-01
5.590999146696480349e-01
3.995908608175844368e-01
7.462463534770915619e-01
9.583564969887805596e-01
-9.199389513962911158e-01
-5.879555986424280789e-01
8.561357449118516261e-01
6.435172442449081931e-01
-1.000000000000000000e+00
-9.828834635389793739e-02
-6.473793428201300992e-01
-8.021752378345003986e-01
-8.878008072379155458e-01
-5.691490908410319349e-01
7.233177318640560127e-01
-1.000000000000000000e+00
-9.898327345975833635e-01
2.757330075142617742e-01
-2.903281337020627295e-02
4.251581756943539903e-02
5.801313355202890598e-01
-3.929471801030355316e-01
-5.970014620173520470e-01
-7.633718231209360994e-01
5.557453114548556172e-01
4.724721892799415013e-01
5.621780846592090430e-01
-1.000000000000000000e+00
-8.870501702123868570e-01
1.602658715919693111e-01
1.000000000000000000e+00
-2.354755836930749191e-01
-8.736873763397827730e-01
5.479500481510929388e-01
1.000000000000000000e+00
-3.465671455714203208e-01
1.000000000000000000e+00
-6.428238450137077065e-01
4.302032150880977790e-01
-3.285730672431738109e-01
-2.897395497473546633e-01
9.551360842009811725e-01
9.382356025668483479e-01
2.525772404438154650e-01
-4.417736718478832980e-01
-1.000000000000000000e+00
4.147548215358678458e-01
7.813530739020042581e-01
-7.221222313346707944e-01
7.213173000502633991e-01
5.987455772461375281e-03
9.929836773269760108e-01
1.000000000000000000e+00
-5.250026340679176950e-01
8.200928995797964749e-01
9.574056535799842227e-02
2.092892369775553596e-01
1.000000000000000000e+00
8.535050936941158961e-02
-2.842684521465798642e-01
-4.857153904796579491e-01
-7.510391251200927432e-01
-8.112638958288639346e-01
-2.795796239035770459e-01
-6.566056092561926016e-01
-7.212705320688516109e-01
-9.812586070368991553e-01
1.000000000000000000e+00
-1.000000000000000000e+00
1.990477992809461250e-01
4.735201938985337811e-01
-3.675146894136527842e-01
6.800656054041309684e-01
-7.201576642902635106e-01
-7.046641913451723305e-01
6.478703959072118490e-01
3.056066872809463097e-01
8.207235872549115685e-01
-4.610870029782038748e-01
9.808468932294902576e-01
4.987836784115506905e-02
-2.716317677318422219e-01
-3.642145037990237588e-01
-6.786259537925772856e-01
-1.000000000000000000e+00
-9.664350729386641525e-01
-5.151730434570332973e-01
-2.801707471758696499e-01
4.670512136989363183e-02
-3.947831033276422708e-01
-7.241375422683381524e-01
2.412505581572488844e-01
1.993523750048274978e-01
-1.000000000000000000e+00
1.000000000000000000e+00
9.345727887416499513e-01
-2.664025690106473498e-01
-3.549364561140456731e-01
1.668906629390758956e-01
7.352804275428872494e-01
6.948895245333990278e-01
-7.833592124628916409e-01
8.733253916739438516e-01
2.288810758648827937e-01
-1.000000000000000000e+00
-3.787638142737365099e-01
-2.582856446524439686e-02
-5.261007693685935127e-01
3.720261605777095415e-01
-8.159012716149997013e-01
-1.059763124450829874e-01
2.583247921568179728e-01
-1.958700837150381679e-01
3.751091541830830489e-01
6.900670217231643644e-01
-4.531374722030800384e-01
6.883139807423582779e-01
-1.000000000000000000e+00
-5.654834650377224547e-02
2.328813751265628451e-01
1.000000000000000000e+00
2.543332216907664423e-01
-8.696833742869258810e-01
-5.558042579906765646e-01
8.829028365733998518e-01
5.427252096099965950e-01
6.648286472675986325e-02
-6.941552420876471174e-01
1.000000000000000000e+00
5.295589285481380193e-01
-2.671454543949973726e-01
-1.999609804848853922e-01
-6.058884161836333160e-01
6.857371974369966816e-01
-4.468182335764799840e-01
8.032279054817770270e-01
-2.068798475185337771e-01
-2.048800621967149793e-01
-4.043451424735945987e-01
7.945297234257719943e-01
1.000000000000000000e+00
9.413117789800908852e-01
9.204717552807673009e-01
3.641452599946278790e-01
-4.262573610068544072e-01
9.793742945204275685e-01
6.186319397252136865e-01
9.153040053712389046e-01
8.862189117548083805e-01
1.699299148665357750e-02
5.298948966741434674e-01
4.766663628042073358e-02
-3.243771134043957893e-01
-7.324533352789914797e-01
-7.013387558531926080e-01
3.038674864587639912e-02
-5.000256927621669067e-01
-1.187091024847521659e-01
8.111513952177937803e-01
2.558952436338299274e-01
1.000000000000000000e+00
2.310596798938570895e-01
-7.852099758721781120e-01
-9.762166388178911136e-02
-1.993035548123266998e-01
-1.490720730054911070e-01
-7.542230970534911094e-01
6.800807157008177395e-01
-6.994781624057645475e-01
-9.000990566661323244e-01
3.162318095107149452e-01
1.000000000000000000e+00
-9.155640031126688339e-01
-1.772976079955034256e-01
-2.119210509989524482e-01
-3.383502317776411750e-01
5.456203001889560200e-01
-1.000000000000000000e+00
-1.000000000000000000e+00
1.000000000000000000e+00
1.263187472811677092e-01
3.319839356727826152e-01
-8.481972988001712510e-01
-9.322869732490300931e-01
-2.869313749753682474e-01
3.271442336001792461e-01
9.602711520458122596e-01
6.075091397417946570e-01
6.545805362290550988e-01
-8.083881592771108293e-01
6.441348855741968471e-02
4.833551240533019433e-01
3.573169303413429310e-01
-1.000000000000000000e+00
-9.188382959430514418e-01
-7.220178790545734859e-01
-7.623618082692096287e-01
6.616154121728952120e-01
3.871465836714217956e-01
-3.425653908504480150e-01
1.714248891560159749e-01
-3.704957541736864091e-01
-6.398820796098252384e-01
-4.069153811550439981e-01
1.754673197793494288e-01
-1.000000000000000000e+00
1.000000000000000000e+00
4.809915222849135419e-01
-4.500717900246922754e-01
1.667469895490757137e-01
1.000000000000000000e+00
8.723685247033673429e-01
5.021277166872700759e-01
3.873250428207631879e-01
-8.536362852420169567e-01
-6.816352967572562038e-01
3.620133811440390259e-01
1.000000000000000000e+00
-2.115738235648656484e-01
-4.274686008424138373e-01
-7.262367417806887548e-01
-8.721202799643673620e-01
9.434474937440762154e-02
-1.171906256849915146e-01
-2.878183928294040239e-01
-6.183265351236050256e-02
5.976627673268997132e-02
5.368415285990917329e-01
1.273516322432697023e-01
-6.137659099649405148e-01
1.000000000000000000e+00
-9.320432880706055467e-01
1.955014092051301777e-01
6.086070765435052099e-01
-1.000000000000000000e+00
2.510166920742156749e-01
9.798077804557103754e-01
8.372602209694086639e-01
8.797477770253828155e-02
-5.849222753357506965e-01
1.842282918083363585e-01
2.662589276858215448e-01
1.000000000000000000e+00
7.327040178760166889e-01
